Average 0.389975 0.655977 0.554193 0.668736 0.354606 0.49783 0.521023 0.542881 0.508415 0.435429 0.411222 0.52709 0.547257 0.578276 0.614242 0.54972 0.522422 0.606191 0.650656 0.503735 0.514444 0.438834 0.409949 0.468354 0.440468 0.441798 0.402111 0.478242 0.46678 0.459779 0.464547 0.390467 0.353985 0.448572 0.489865 0.398609 0.360913 0.490172 0.513832 0.418237 0.431854 0.470073 0.430495 0.444935 0.388527 0.501227 0.387348
Average 0.362624 0.576327 0.531085 0.627197 0.29879 0.542552 0.575854 0.571701 0.577359 0.488127 0.472757 0.587535 0.577131 0.617623 0.603423 0.507986 0.488805 0.63933 0.655633 0.460284 0.495008 0.402512 0.379765 0.446315 0.452615 0.402516 0.400507 0.441513 0.438565 0.468856 0.442096 0.354371 0.333481 0.439878 0.440208 0.44393 0.395329 0.432768 0.48118 0.410926 0.438901 0.44108 0.41377 0.39688 0.417529 0.350964 0.344976
Average 0.372416 0.632537 0.587284 0.619783 0.332384 0.529274 0.527859 0.569389 0.569108 0.455605 0.445093 0.575337 0.560424 0.629149 0.62144 0.545076 0.516542 0.626487 0.601059 0.52943 0.527528 0.418427 0.422257 0.423415 0.435614 0.395172 0.374984 0.423672 0.443341 0.444454 0.45067 0.398934 0.38427 0.526303 0.501849 0.421819 0.418624 0.487601 0.506632 0.394785 0.423357 0.454476 0.397285 0.486707 0.431396 0.362242 0.411237
Average 0.365158 0.6409 0.534365 0.652652 0.250418 0.472736 0.475786 0.490988 0.523655 0.398126 0.390968 0.545749 0.545443 0.637335 0.612248 0.53085 0.502728 0.679967 0.664351 0.555417 0.535179 0.416671 0.391099 0.533366 0.502858 0.464278 0.434174 0.461185 0.440762 0.438262 0.445515 0.376465 0.388782 0.419925 0.474536 0.463926 0.380699 0.481226 0.477184 0.435243 0.443375 0.441615 0.42962 0.454644 0.47912 0.528771 0.572717
Average 0.39073 0.663518 0.642852 0.690351 0.409222 0.505899 0.533489 0.553944 0.529065 0.436397 0.444184 0.55564 0.5471 0.633753 0.594701 0.560095 0.520273 0.61646 0.638958 0.491662 0.534938 0.472924 0.45073 0.460025 0.47959 0.470836 0.432148 0.480584 0.47908 0.443808 0.478912 0.385744 0.378651 0.481783 0.560227 0.443437 0.389938 0.424377 0.450552 0.471956 0.466665 0.427014 0.428624 0.401365 0.40311 0.584597 0.432678
Average 0.382065 0.63192 0.598878 0.695794 0.325062 0.526034 0.523139 0.517659 0.516957 0.44903 0.469771 0.544625 0.558747 0.603573 0.625079 0.538595 0.5668 0.617242 0.64302 0.512482 0.552681 0.428165 0.439929 0.432273 0.457003 0.409252 0.438617 0.485201 0.497746 0.496586 0.489719 0.407905 0.434945 0.453578 0.507178 0.46488 0.528267 0.480576 0.472013 0.436315 0.446913 0.438063 0.480602 0.466791 0.484049 0.460014 0.483151
Average 0.391515 0.643683 0.588441 0.68532 0.451054 0.537041 0.548899 0.556593 0.573097 0.492472 0.487599 0.565147 0.529878 0.628607 0.596572 0.590295 0.555383 0.633195 0.604711 0.549709 0.515844 0.477676 0.493163 0.432761 0.438476 0.458072 0.435116 0.525736 0.518302 0.472708 0.504847 0.414405 0.444776 0.479383 0.502888 0.447391 0.5154 0.500934 0.521801 0.449264 0.458622 0.435125 0.44856 0.435669 0.474477 0.518986 0.482541
Average 0.390063 0.646742 0.584655 0.681946 0.405208 0.528435 0.533052 0.570633 0.569594 0.443959 0.450684 0.524773 0.533857 0.612907 0.610539 0.561786 0.528902 0.61524 0.612323 0.573167 0.582749 0.509534 0.475592 0.449435 0.416356 0.464312 0.4444 0.568909 0.566386 0.577427 0.578174 0.440652 0.434503 0.468609 0.539466 0.440879 0.43148 0.475352 0.512476 0.502602 0.494605 0.512411 0.451719 0.478226 0.430209 0.451667 0.426813
Average 0.374967 0.63893 0.55853 0.648168 0.310179 0.539997 0.579741 0.602671 0.589531 0.487304 0.491137 0.563612 0.538509 0.620025 0.636232 0.533088 0.505967 0.628874 0.636022 0.515643 0.511329 0.441227 0.424272 0.442549 0.427519 0.427077 0.402815 0.504647 0.510817 0.460926 0.469064 0.405892 0.389642 0.449261 0.493504 0.433778 0.379944 0.474896 0.480593 0.471619 0.456374 0.41407 0.384879 0.500944 0.479188 0.497881 0.449418
Average 0.362475 0.582416 0.522914 0.670094 0.344706 0.475364 0.456993 0.612335 0.609081 0.478764 0.512685 0.547068 0.51218 0.599311 0.59174 0.479363 0.443407 0.618506 0.606304 0.502843 0.537598 0.395167 0.385869 0.427978 0.43325 0.436016 0.441768 0.504432 0.515887 0.468869 0.475243 0.36365 0.340937 0.401472 0.433381 0.458115 0.470142 0.520785 0.515097 0.42279 0.405953 0.379126 0.390481 0.36899 0.328563 0.457182 0.449804
Average 0.377364 0.598554 0.588384 0.705248 0.273073 0.550966 0.54447 0.604308 0.593284 0.462314 0.460397 0.556619 0.524119 0.597993 0.611702 0.530589 0.507831 0.594772 0.599359 0.47511 0.501975 0.442837 0.40752 0.435619 0.436261 0.422619 0.397331 0.495421 0.467767 0.465222 0.472836 0.384609 0.377752 0.443461 0.494806 0.41896 0.464233 0.432457 0.438517 0.441913 0.438515 0.458041 0.39038 0.38621 0.340466 0.472549 0.477751
Average 0.404386 0.697117 0.631677 0.717136 0.331949 0.598648 0.595468 0.627588 0.615534 0.546142 0.522138 0.542709 0.56243 0.672091 0.649522 0.544968 0.513466 0.643198 0.627776 0.572055 0.568386 0.464953 0.451456 0.471456 0.473484 0.494025 0.464095 0.547471 0.527135 0.48784 0.50333 0.398484 0.399469 0.528383 0.526904 0.586399 0.483615 0.497071 0.479467 0.490454 0.469531 0.474236 0.42075 0.48551 0.527035 0.601296 0.570105
Average 0.381256 0.641799 0.561984 0.666908 0.302864 0.487306 0.476118 0.588688 0.586411 0.442306 0.440857 0.578558 0.570804 0.632969 0.608429 0.571369 0.57539 0.629616 0.624245 0.537367 0.523399 0.452884 0.459366 0.438033 0.436361 0.43111 0.430844 0.494143 0.49141 0.475738 0.458821 0.38269 0.382907 0.443711 0.477834 0.447976 0.414748 0.44435 0.474998 0.436876 0.436181 0.447995 0.439386 0.44884 0.44412 0.455982 0.502382
Average 0.385597 0.64719 0.575426 0.696288 0.337546 0.586863 0.541725 0.560418 0.568613 0.487665 0.459133 0.600514 0.572167 0.648003 0.634507 0.549416 0.522917 0.656195 0.647355 0.583569 0.562538 0.44565 0.431434 0.457572 0.440357 0.45947 0.429666 0.500021 0.47719 0.517905 0.491283 0.421886 0.392121 0.484137 0.53717 0.535793 0.467986 0.501049 0.47538 0.478632 0.463365 0.45231 0.391032 0.561929 0.488865 0.502343 0.434925
Average 0.37837 0.640017 0.538171 0.646083 0.213708 0.527965 0.494102 0.547923 0.552269 0.473358 0.460281 0.562404 0.588651 0.674209 0.615473 0.545216 0.539968 0.615122 0.587049 0.517788 0.510727 0.425378 0.421859 0.467761 0.433232 0.499137 0.459813 0.492475 0.462284 0.474792 0.460222 0.374596 0.357427 0.429439 0.472939 0.510495 0.46039 0.43518 0.440853 0.43525 0.446525 0.440809 0.399857 0.412504 0.362915 0.525861 0.521048
Average 0.417483 0.703046 0.609163 0.715456 0.425798 0.514585 0.535341 0.668656 0.641736 0.52815 0.538033 0.596509 0.598833 0.674244 0.67401 0.585863 0.572419 0.662688 0.66026 0.578239 0.596258 0.499403 0.504586 0.457789 0.471054 0.486239 0.491154 0.54799 0.570853 0.537359 0.565101 0.443088 0.450796 0.505589 0.543445 0.450681 0.514279 0.561137 0.558111 0.487401 0.488401 0.489312 0.456065 0.481657 0.471249 0.517233 0.515171
Average 0.381253 0.648987 0.617916 0.687947 0.36648 0.541171 0.525747 0.546125 0.543457 0.46918 0.453683 0.584082 0.553661 0.63223 0.629794 0.509417 0.485815 0.647519 0.639568 0.53501 0.531234 0.447967 0.448802 0.434068 0.451639 0.426897 0.425409 0.508206 0.525111 0.469736 0.465092 0.391226 0.369882 0.447717 0.474935 0.454743 0.414781 0.48162 0.496854 0.445729 0.449797 0.406787 0.37442 0.452595 0.475708 0.563455 0.539003
Average 0.369786 0.58869 0.469801 0.640848 0.242871 0.498362 0.469348 0.551808 0.565516 0.476974 0.462998 0.537021 0.528153 0.575338 0.637072 0.54969 0.56796 0.626294 0.692164 0.531579 0.559684 0.441439 0.423617 0.465966 0.479838 0.385727 0.405582 0.409162 0.430016 0.427278 0.457806 0.405126 0.402717 0.436207 0.452134 0.401943 0.459856 0.423875 0.487149 0.4268 0.436875 0.388972 0.403658 0.449086 0.379746 0.364104 0.414301
Average 0.388803 0.656175 0.561707 0.682546 0.351427 0.615446 0.618359 0.605134 0.553054 0.519753 0.518614 0.589747 0.582427 0.64199 0.656251 0.557295 0.565983 0.61335 0.627005 0.522518 0.58294 0.458821 0.454835 0.429111 0.46669 0.45931 0.424406 0.481133 0.501998 0.491165 0.521607 0.406477 0.416632 0.517052 0.569508 0.457278 0.506422 0.481981 0.49628 0.45011 0.473407 0.494942 0.438623 0.497743 0.414603 0.473529 0.526806
Average 0.379687 0.618298 0.563153 0.68965 0.231224 0.537264 0.554559 0.559 0.534033 0.481419 0.482954 0.615231 0.621575 0.636903 0.667883 0.513891 0.556305 0.660605 0.697601 0.536566 0.527442 0.422285 0.422107 0.466199 0.474754 0.433605 0.434699 0.447869 0.460416 0.464898 0.447775 0.395528 0.360335 0.470745 0.535202 0.449511 0.514095 0.443207 0.459866 0.489916 0.461772 0.449372 0.454987 0.484457 0.30694 0.452296 0.436709
Average 0.392453 0.67236 0.57172 0.646206 0.26847 0.580534 0.570331 0.638736 0.59736 0.472257 0.489533 0.580451 0.569194 0.623673 0.634361 0.55237 0.544 0.627842 0.685444 0.523 0.533604 0.458103 0.449104 0.489218 0.508015 0.439844 0.447554 0.461021 0.545345 0.465429 0.48127 0.366011 0.377012 0.476285 0.551555 0.406079 0.456787 0.464429 0.4908 0.480591 0.472669 0.472263 0.484064 0.354011 0.383437 0.451272 0.493058
Average 0.359567 0.618922 0.552184 0.669308 0.356238 0.492614 0.544375 0.528731 0.523665 0.449599 0.44618 0.517485 0.519593 0.626961 0.673063 0.514062 0.52092 0.593186 0.612028 0.498237 0.492062 0.414564 0.383101 0.423672 0.448834 0.428226 0.426577 0.446346 0.459676 0.423654 0.442164 0.356951 0.37154 0.44777 0.49073 0.407086 0.462004 0.433383 0.441373 0.419792 0.427114 0.406196 0.400251 0.403151 0.45618 0.438978 0.477897
Average 0.422199 0.718824 0.663148 0.734764 0.425011 0.554985 0.582898 0.569345 0.584954 0.458623 0.485382 0.548405 0.566037 0.656635 0.660437 0.590188 0.586476 0.695213 0.679327 0.557271 0.577677 0.488978 0.485812 0.497241 0.480143 0.524831 0.487878 0.547033 0.563192 0.469938 0.52224 0.418462 0.413932 0.510658 0.536618 0.440988 0.483758 0.491096 0.496782 0.479015 0.484056 0.489301 0.485815 0.514097 0.452013 0.62774 0.580811
Average 0.394917 0.679524 0.639394 0.701611 0.422916 0.487306 0.463851 0.580997 0.60209 0.494779 0.525635 0.547895 0.559308 0.646948 0.65843 0.568013 0.57055 0.631186 0.632084 0.541635 0.570614 0.475683 0.480984 0.465717 0.460905 0.438924 0.456953 0.502068 0.566616 0.502048 0.54283 0.392192 0.386478 0.506843 0.539446 0.40204 0.474978 0.476032 0.490696 0.473022 0.481675 0.451965 0.436531 0.419278 0.433124 0.526645 0.498429
Average 0.36927 0.624179 0.520763 0.658824 0.252283 0.527616 0.560265 0.587273 0.581174 0.462399 0.49343 0.581978 0.584127 0.615464 0.636037 0.518851 0.512244 0.664779 0.672297 0.511923 0.549231 0.417366 0.435647 0.492062 0.522134 0.404284 0.489358 0.474542 0.541157 0.4491 0.448007 0.372251 0.367236 0.46768 0.487767 0.339326 0.442855 0.448645 0.461539 0.461539 0.458976 0.45242 0.418657 0.357232 0.370201 0.380266 0.52505
Average 0.358468 0.575764 0.473326 0.572902 0.232338 0.544835 0.605492 0.594329 0.598838 0.447548 0.500689 0.550093 0.546309 0.619463 0.614684 0.520887 0.523392 0.682403 0.69709 0.552691 0.545544 0.368367 0.36466 0.510009 0.530384 0.429358 0.438851 0.469518 0.506683 0.437186 0.452987 0.378148 0.363466 0.417551 0.459958 0.380208 0.449429 0.42252 0.430048 0.419505 0.42665 0.497559 0.514189 0.457105 0.432872 0.412513 0.504683
Average 0.374791 0.628216 0.54188 0.685339 0.26286 0.494612 0.486169 0.573605 0.564987 0.4484 0.445765 0.579731 0.566541 0.604646 0.596171 0.534249 0.548398 0.651296 0.641081 0.524169 0.4797 0.430955 0.426296 0.460488 0.449302 0.416876 0.405743 0.507601 0.483585 0.471889 0.472705 0.399224 0.405354 0.437556 0.49003 0.380757 0.422997 0.477069 0.499743 0.403285 0.435169 0.463198 0.418687 0.462803 0.435653 0.488874 0.499933
Average 0.342554 0.591128 0.407091 0.588698 0.31837 0.507611 0.555942 0.57501 0.56922 0.420547 0.43072 0.523288 0.532576 0.613865 0.603841 0.488189 0.493245 0.602596 0.617537 0.472845 0.504822 0.394805 0.404653 0.438093 0.410371 0.391134 0.393087 0.438766 0.445907 0.425821 0.445131 0.351879 0.349026 0.395183 0.382358 0.407109 0.50478 0.453 0.455685 0.360833 0.389166 0.429675 0.453454 0.399433 0.354272 0.442051 0.406507
Average 0.373063 0.602975 0.574017 0.676188 0.285243 0.519661 0.515385 0.548387 0.538752 0.458183 0.468099 0.58158 0.568909 0.617932 0.620379 0.549435 0.52865 0.64886 0.644998 0.50949 0.519504 0.453321 0.41529 0.472233 0.439348 0.487507 0.433627 0.481375 0.458518 0.42333 0.460492 0.39272 0.371117 0.447588 0.517963 0.480053 0.45976 0.434309 0.46735 0.447711 0.413938 0.484219 0.419469 0.444727 0.424233 0.570794 0.494067
Average 0.383667 0.648775 0.545409 0.692404 0.292435 0.520653 0.46989 0.577201 0.572957 0.481908 0.415264 0.555115 0.577289 0.624889 0.635875 0.478747 0.51879 0.706199 0.69473 0.532447 0.512587 0.4218 0.446427 0.468686 0.473565 0.463718 0.465148 0.491315 0.508789 0.461229 0.492464 0.394305 0.389384 0.454631 0.497342 0.429421 0.520473 0.438143 0.490068 0.422247 0.468584 0.485888 0.47969 0.497675 0.42829 0.560709 0.509544
Average 0.356449 0.600033 0.548979 0.655706 0.315518 0.485766 0.492374 0.503434 0.524667 0.457512 0.452444 0.568859 0.548497 0.601868 0.586321 0.522879 0.470987 0.593046 0.574849 0.503602 0.520508 0.413201 0.426807 0.418075 0.422387 0.421816 0.419952 0.47286 0.490685 0.490448 0.461005 0.390939 0.368068 0.41063 0.419855 0.430864 0.45894 0.443193 0.461395 0.42877 0.427902 0.426311 0.412896 0.422017 0.429477 0.515257 0.518747
Average 0.349677 0.521904 0.509476 0.624393 0.287595 0.476613 0.527732 0.485633 0.495731 0.444681 0.448558 0.552575 0.539889 0.530857 0.556576 0.506874 0.490881 0.589688 0.599198 0.544689 0.538713 0.415369 0.455903 0.410769 0.427283 0.391667 0.423125 0.457197 0.440113 0.481216 0.505348 0.389931 0.396709 0.413925 0.432605 0.366858 0.391305 0.464123 0.477166 0.398099 0.373289 0.392788 0.422375 0.399677 0.414173 0.384915 0.399485
Average 0.376301 0.648223 0.600863 0.684545 0.362429 0.499875 0.491089 0.568658 0.567205 0.423118 0.474191 0.563719 0.598413 0.634075 0.585408 0.540672 0.503855 0.634155 0.627914 0.527461 0.514748 0.44673 0.457084 0.438877 0.442276 0.422567 0.414045 0.462186 0.437442 0.461332 0.448967 0.379056 0.374529 0.449753 0.486777 0.413101 0.486084 0.429169 0.412091 0.411364 0.404316 0.419602 0.381978 0.448575 0.431999 0.499186 0.519659
Average 0.329751 0.553695 0.459847 0.599007 0.285019 0.431721 0.450142 0.527547 0.542308 0.433327 0.433324 0.494858 0.539284 0.602066 0.5607 0.447584 0.483972 0.591918 0.58186 0.48255 0.523346 0.397705 0.387376 0.36978 0.37277 0.368049 0.413935 0.446975 0.483269 0.447937 0.495459 0.32584 0.334596 0.378617 0.430152 0.353588 0.462435 0.408296 0.453671 0.353636 0.405124 0.418893 0.405323 0.38836 0.332454 0.417418 0.454607
Average 0.393298 0.657935 0.565635 0.702681 0.326021 0.522134 0.540818 0.568597 0.553345 0.461635 0.504043 0.577376 0.584999 0.607983 0.600907 0.553759 0.565808 0.611697 0.640796 0.519946 0.572292 0.470632 0.48386 0.461149 0.466723 0.458774 0.439161 0.504907 0.5203 0.520134 0.551006 0.421327 0.428547 0.481954 0.515215 0.517338 0.556459 0.499992 0.543727 0.467683 0.481902 0.43403 0.429433 0.462243 0.469396 0.471277 0.481687
Average 0.418069 0.681121 0.651099 0.711522 0.38988 0.55685 0.553916 0.611373 0.592462 0.524836 0.476359 0.594086 0.58179 0.650577 0.653069 0.574051 0.565388 0.657579 0.664688 0.575769 0.581444 0.488922 0.489846 0.488947 0.497167 0.487532 0.469449 0.522566 0.545311 0.542784 0.522429 0.439134 0.440705 0.497793 0.570428 0.483831 0.487997 0.519677 0.534061 0.480003 0.494627 0.469542 0.47508 0.519756 0.479957 0.506797 0.460038
Average 0.374712 0.600562 0.548157 0.652652 0.298008 0.482008 0.493019 0.544325 0.562913 0.461844 0.493354 0.574995 0.579811 0.591573 0.605021 0.512843 0.501112 0.610529 0.618821 0.555091 0.571146 0.395158 0.441556 0.461728 0.48342 0.457665 0.46514 0.46653 0.515207 0.50811 0.509432 0.389454 0.405579 0.488645 0.491215 0.464688 0.490496 0.481638 0.479532 0.454215 0.4651 0.468406 0.42362 0.444589 0.423826 0.455117 0.48674
Average 0.400655 0.676437 0.614674 0.701493 0.416428 0.508972 0.481406 0.540661 0.539413 0.469614 0.483673 0.562684 0.548574 0.641354 0.641353 0.564368 0.563462 0.636952 0.646721 0.595918 0.613907 0.481242 0.478912 0.437863 0.440797 0.432133 0.410373 0.544064 0.528666 0.543315 0.531252 0.422838 0.416466 0.490229 0.548119 0.462651 0.485301 0.555903 0.523508 0.459931 0.433512 0.458966 0.44095 0.460488 0.411553 0.495409 0.439133
Average 0.342939 0.555132 0.452488 0.597072 0.277306 0.482628 0.463803 0.563245 0.543645 0.432865 0.441278 0.524266 0.546102 0.617218 0.6163 0.465225 0.520343 0.64663 0.65159 0.474976 0.485165 0.325755 0.342317 0.424279 0.457396 0.369736 0.399743 0.431339 0.41149 0.388776 0.423988 0.331529 0.329816 0.41882 0.409705 0.408099 0.512733 0.456218 0.450596 0.361211 0.398896 0.381726 0.430671 0.402291 0.360148 0.406041 0.336376
Average 0.40914 0.692256 0.611614 0.721096 0.39573 0.584059 0.58091 0.613092 0.581973 0.509245 0.507918 0.580686 0.560997 0.64039 0.651965 0.555208 0.564263 0.64376 0.650615 0.557895 0.574708 0.534199 0.519304 0.439979 0.438034 0.459666 0.437737 0.543772 0.530124 0.514858 0.570837 0.408617 0.42049 0.505463 0.525176 0.478059 0.446876 0.54035 0.564265 0.45742 0.481561 0.512042 0.486108 0.418029 0.456426 0.46212 0.426334
Average 0.39998 0.687751 0.600428 0.709849 0.38532 0.488422 0.513257 0.590684 0.6135 0.466816 0.471193 0.586984 0.585045 0.646186 0.641629 0.514991 0.549552 0.635731 0.657685 0.502253 0.550981 0.461398 0.442944 0.424483 0.478705 0.415721 0.41183 0.507281 0.494229 0.480473 0.494521 0.404951 0.41483 0.504651 0.569433 0.462977 0.428924 0.531571 0.525426 0.431934 0.493296 0.431973 0.467348 0.46482 0.443434 0.525868 0.50476
Average 0.425596 0.727017 0.620538 0.716328 0.376191 0.580991 0.559763 0.600111 0.597215 0.505265 0.490504 0.582653 0.569818 0.654392 0.684461 0.582094 0.57392 0.67619 0.687126 0.628448 0.636978 0.487905 0.518089 0.530777 0.500058 0.473797 0.489314 0.546778 0.60078 0.595538 0.567564 0.447519 0.439373 0.551184 0.565398 0.469287 0.477215 0.513953 0.54402 0.534794 0.529484 0.498326 0.47471 0.448209 0.466369 0.513887 0.517775
Average 0.377407 0.596554 0.611192 0.674126 0.355921 0.581273 0.56765 0.557185 0.570266 0.490733 0.520094 0.545964 0.545291 0.650229 0.644022 0.532684 0.538937 0.604273 0.587969 0.520313 0.521002 0.424863 0.462209 0.393607 0.404243 0.402675 0.387139 0.461077 0.480085 0.448105 0.478889 0.407101 0.426117 0.499029 0.489555 0.408661 0.44638 0.478565 0.511777 0.403506 0.423405 0.46884 0.471175 0.453664 0.50636 0.497828 0.465065
Average 0.432385 0.73175 0.659003 0.722354 0.440755 0.497544 0.495209 0.583668 0.567853 0.509105 0.507953 0.587766 0.569352 0.646746 0.667998 0.575562 0.591606 0.647826 0.659093 0.586283 0.628343 0.553142 0.536243 0.504738 0.503871 0.529393 0.493603 0.612263 0.623742 0.569703 0.582342 0.45025 0.44473 0.508897 0.588726 0.524234 0.555413 0.560932 0.543056 0.509996 0.487889 0.523483 0.488982 0.495861 0.473016 0.580358 0.499972
Average 0.390169 0.598972 0.553679 0.67119 0.273567 0.538149 0.523435 0.566814 0.561588 0.501631 0.509208 0.585249 0.543615 0.636192 0.642489 0.500887 0.516986 0.643494 0.687744 0.585857 0.620699 0.410417 0.410042 0.474094 0.496036 0.423276 0.448528 0.524661 0.555784 0.514707 0.53695 0.419517 0.423772 0.498625 0.543478 0.476133 0.548233 0.476768 0.512883 0.469759 0.490211 0.431012 0.41409 0.427533 0.452565 0.447822 0.3705
Average 0.42371 0.716288 0.646397 0.726452 0.467863 0.596687 0.555948 0.582725 0.554218 0.459259 0.471325 0.570954 0.538754 0.695541 0.696997 0.590809 0.576939 0.687829 0.708746 0.587543 0.58357 0.497791 0.490415 0.470183 0.474066 0.465217 0.470162 0.592128 0.590657 0.545794 0.543963 0.427255 0.417869 0.510505 0.560018 0.521184 0.417076 0.544788 0.550947 0.516998 0.507369 0.453673 0.457784 0.425666 0.386848 0.517709 0.414084
Average 0.38186 0.642073 0.575162 0.687884 0.331547 0.485749 0.487999 0.556297 0.570993 0.448892 0.452127 0.506975 0.492994 0.628121 0.610804 0.546805 0.478033 0.668613 0.641171 0.564018 0.564295 0.455712 0.449952 0.472321 0.473377 0.470171 0.4321 0.527705 0.504961 0.496772 0.498074 0.410749 0.409905 0.463702 0.463636 0.429434 0.407546 0.453674 0.460063 0.446701 0.437645 0.451786 0.404542 0.45852 0.446393 0.573605 0.504688
Average 0.398553 0.649074 0.628266 0.703929 0.349051 0.498072 0.503762 0.535996 0.525845 0.45913 0.487721 0.560337 0.581062 0.632135 0.599708 0.523941 0.532282 0.624221 0.636324 0.527145 0.557059 0.45929 0.478747 0.455714 0.460966 0.43422 0.432367 0.530454 0.539002 0.482894 0.559936 0.409289 0.404319 0.493062 0.528946 0.48223 0.563266 0.444151 0.528598 0.460359 0.456685 0.473381 0.49455 0.423205 0.415788 0.456892 0.388606
Average 0.41492 0.708758 0.637051 0.71484 0.397038 0.479068 0.482514 0.552489 0.536652 0.475777 0.481883 0.548944 0.561398 0.702642 0.682377 0.620501 0.560959 0.649127 0.62402 0.572187 0.588333 0.558243 0.544109 0.475504 0.483914 0.44871 0.472736 0.538515 0.525343 0.517414 0.525682 0.459104 0.441598 0.540616 0.57689 0.443912 0.414584 0.571475 0.535991 0.477599 0.455856 0.574352 0.482545 0.496674 0.454189 0.524529 0.445657
Average 0.418312 0.691077 0.64378 0.69859 0.43067 0.588589 0.587195 0.608476 0.58145 0.489165 0.501722 0.54861 0.551705 0.69304 0.708921 0.584902 0.583767 0.678241 0.720662 0.569391 0.576569 0.488146 0.482251 0.486394 0.500164 0.480398 0.480756 0.544799 0.568431 0.52853 0.528346 0.439327 0.447215 0.532149 0.559991 0.567827 0.48637 0.567382 0.560875 0.505052 0.493036 0.468017 0.475042 0.484754 0.481324 0.597779 0.602417
Average 0.360023 0.58909 0.496726 0.651369 0.286924 0.55959 0.557713 0.596767 0.588704 0.41134 0.474239 0.584553 0.590503 0.639571 0.614252 0.540486 0.528306 0.647156 0.636079 0.505034 0.508155 0.407085 0.40781 0.431488 0.410557 0.426384 0.3847 0.473629 0.494028 0.461868 0.437176 0.376018 0.354426 0.441721 0.437625 0.451782 0.438027 0.45173 0.453211 0.427466 0.433158 0.448602 0.403031 0.401393 0.361438 0.469103 0.389425
Average 0.407887 0.703406 0.600151 0.701375 0.408954 0.491924 0.520331 0.596316 0.600726 0.472957 0.503339 0.569674 0.586213 0.64214 0.656634 0.579044 0.60259 0.671556 0.704423 0.554601 0.570739 0.511009 0.491574 0.47604 0.499816 0.447151 0.419598 0.559653 0.529172 0.490909 0.518805 0.392885 0.378497 0.481633 0.541751 0.457963 0.494477 0.518546 0.533875 0.483798 0.463607 0.517754 0.527285 0.424005 0.42585 0.568023 0.508012
Average 0.382194 0.640347 0.609662 0.6804 0.363559 0.508649 0.525884 0.548183 0.53413 0.456718 0.44994 0.569761 0.572229 0.616938 0.61899 0.511275 0.507151 0.631886 0.632542 0.524715 0.534411 0.459867 0.440283 0.482026 0.462101 0.456677 0.421128 0.524341 0.542917 0.49585 0.514612 0.387702 0.382624 0.489661 0.522566 0.455711 0.492777 0.489505 0.496852 0.458522 0.445999 0.437007 0.41781 0.450548 0.389289 0.493319 0.517421
Average 0.401501 0.688296 0.636015 0.689637 0.340314 0.512908 0.507014 0.552703 0.549911 0.498887 0.461003 0.575515 0.558222 0.636624 0.617976 0.548258 0.54114 0.658168 0.679715 0.556879 0.582415 0.46999 0.471864 0.446441 0.46593 0.47526 0.445957 0.527439 0.521766 0.520679 0.554043 0.394533 0.385918 0.483277 0.508143 0.510083 0.526435 0.479707 0.500785 0.452734 0.472131 0.468597 0.473926 0.439103 0.387647 0.532964 0.427682
Average 0.395568 0.672566 0.630246 0.679115 0.373549 0.55875 0.526963 0.571773 0.584741 0.47064 0.489116 0.533072 0.539428 0.659672 0.658531 0.543589 0.537292 0.660424 0.653419 0.552606 0.546704 0.477269 0.463338 0.461843 0.46262 0.458822 0.424557 0.54016 0.513611 0.489529 0.500941 0.423964 0.404985 0.465579 0.523237 0.488122 0.405478 0.49181 0.508312 0.44306 0.430956 0.469116 0.479546 0.476917 0.427154 0.517616 0.422681
Average 0.349808 0.575965 0.529843 0.593602 0.261083 0.47104 0.488743 0.582138 0.557666 0.378383 0.365266 0.558754 0.553586 0.626078 0.627508 0.499618 0.491776 0.684047 0.677493 0.526326 0.505332 0.381547 0.34679 0.485368 0.466884 0.428119 0.403608 0.479251 0.461165 0.430064 0.439362 0.375295 0.354783 0.433384 0.466735 0.439745 0.336466 0.402302 0.399781 0.424725 0.430093 0.4418 0.431934 0.508684 0.414315 0.385267 0.324548
Average 0.419077 0.67984 0.638772 0.71481 0.407107 0.530059 0.496548 0.629246 0.58662 0.532895 0.528788 0.594944 0.565315 0.689867 0.687997 0.576747 0.567738 0.652216 0.673331 0.565678 0.62319 0.492791 0.508844 0.472125 0.490548 0.486345 0.492715 0.552782 0.566216 0.535919 0.570895 0.460006 0.454645 0.499584 0.548048 0.461568 0.433886 0.565359 0.562642 0.466351 0.49092 0.484244 0.489785 0.519575 0.468852 0.515975 0.493837
Average 0.337586 0.546229 0.479111 0.561427 0.18332 0.584436 0.602404 0.511373 0.515333 0.370444 0.411271 0.530535 0.536838 0.602168 0.568237 0.478537 0.492808 0.663624 0.669394 0.480146 0.507163 0.353801 0.351152 0.488035 0.517069 0.409405 0.432825 0.450008 0.455907 0.432822 0.413322 0.333072 0.342795 0.402421 0.438392 0.35088 0.365699 0.389981 0.374178 0.417224 0.429046 0.429691 0.432883 0.477716 0.418033 0.400891 0.352359
Average 0.35588 0.579252 0.531745 0.661107 0.287238 0.561641 0.574435 0.529144 0.525422 0.404806 0.434904 0.544085 0.572832 0.569609 0.571744 0.502273 0.519368 0.640637 0.649974 0.465184 0.521034 0.391429 0.387996 0.416225 0.466409 0.440935 0.463719 0.484736 0.501511 0.426953 0.444857 0.35254 0.357755 0.428846 0.475816 0.347916 0.336767 0.432282 0.492005 0.401794 0.427716 0.40969 0.464755 0.446843 0.377246 0.534796 0.547802
Average 0.351876 0.589357 0.564 0.645864 0.365575 0.461937 0.477519 0.510141 0.516808 0.414105 0.443017 0.511081 0.548525 0.600019 0.592273 0.484355 0.496245 0.610465 0.637578 0.469727 0.470013 0.361767 0.376014 0.407657 0.42568 0.399679 0.371459 0.450757 0.456476 0.41838 0.432955 0.353137 0.355838 0.475008 0.509736 0.3826 0.391181 0.410493 0.429905 0.416289 0.409451 0.374208 0.380347 0.400055 0.372275 0.445076 0.382684
Average 0.328722 0.522418 0.461031 0.539757 0.240211 0.488373 0.516188 0.501238 0.522867 0.43031 0.436 0.535452 0.53454 0.531718 0.54458 0.42678 0.461905 0.65416 0.692847 0.454131 0.474704 0.317378 0.345519 0.454307 0.486749 0.438559 0.464135 0.451469 0.468266 0.403145 0.427089 0.327221 0.335247 0.400667 0.457576 0.468009 0.397512 0.402063 0.395787 0.420765 0.424795 0.41321 0.474991 0.453129 0.376871 0.477203 0.417292
Average 0.387599 0.651402 0.613269 0.70957 0.401487 0.537703 0.571405 0.551792 0.568663 0.440941 0.444756 0.573587 0.558036 0.633319 0.654457 0.5243 0.501493 0.663108 0.661862 0.537012 0.556922 0.419043 0.441562 0.453261 0.459808 0.44117 0.440717 0.504035 0.5392 0.488877 0.484165 0.414008 0.396696 0.498174 0.550171 0.44945 0.421742 0.512621 0.521543 0.467169 0.454955 0.498725 0.471565 0.482023 0.444696 0.518567 0.510548
Average 0.389619 0.627273 0.56366 0.724511 0.322977 0.506083 0.501163 0.486418 0.510647 0.478355 0.466941 0.560642 0.544251 0.59705 0.61817 0.529299 0.536499 0.659365 0.658913 0.553352 0.567265 0.455672 0.45723 0.467468 0.485423 0.451385 0.461036 0.540392 0.525432 0.508471 0.497283 0.425404 0.432251 0.537723 0.589253 0.473297 0.397724 0.455857 0.45438 0.494941 0.488764 0.456662 0.459878 0.495284 0.486084 0.501133 0.509148
Average 0.402101 0.690154 0.609196 0.72451 0.43236 0.522828 0.53912 0.563415 0.56819 0.462717 0.454908 0.538252 0.545815 0.642782 0.64302 0.571758 0.567135 0.665121 0.683201 0.586661 0.589438 0.468522 0.459843 0.474129 0.484645 0.484014 0.469625 0.555042 0.579374 0.528231 0.530993 0.408526 0.397181 0.502649 0.5448 0.439342 0.426849 0.562941 0.559416 0.473952 0.457441 0.496775 0.498865 0.468372 0.430855 0.479913 0.49167
Average 0.346436 0.566638 0.507585 0.636608 0.23383 0.526763 0.518548 0.487491 0.507397 0.412343 0.404396 0.557065 0.516784 0.590036 0.568236 0.505137 0.479343 0.651172 0.643101 0.491388 0.474502 0.381576 0.354001 0.452303 0.448413 0.421571 0.440758 0.45518 0.446407 0.434325 0.448384 0.361187 0.329021 0.42559 0.46295 0.407464 0.329678 0.44553 0.468714 0.402533 0.421922 0.429583 0.417294 0.453164 0.383849 0.447943 0.449021
Average 0.386015 0.667459 0.610976 0.709591 0.41999 0.510124 0.552676 0.508831 0.51326 0.446563 0.434772 0.536662 0.538314 0.641615 0.644792 0.517332 0.496364 0.640719 0.641729 0.542789 0.538644 0.43145 0.421104 0.452875 0.446402 0.444929 0.427751 0.549243 0.548574 0.486529 0.477525 0.401608 0.400215 0.492108 0.500661 0.463181 0.394037 0.528278 0.504111 0.458791 0.447002 0.47858 0.462964 0.464001 0.444761 0.575579 0.557952
Average 0.391536 0.652872 0.6463 0.725551 0.38349 0.505343 0.525807 0.516599 0.516822 0.429652 0.46475 0.529854 0.53592 0.614632 0.635278 0.506601 0.508267 0.663097 0.661175 0.546906 0.541062 0.452669 0.44112 0.478166 0.497071 0.474268 0.495309 0.541257 0.570327 0.499018 0.509291 0.400211 0.393575 0.481198 0.535069 0.398002 0.414002 0.4721 0.471993 0.472056 0.457961 0.447129 0.452955 0.471145 0.453584 0.559438 0.515223
Average 0.403212 0.657079 0.568552 0.707797 0.397068 0.581415 0.580287 0.603939 0.613213 0.504398 0.458708 0.566173 0.57002 0.677825 0.707308 0.54963 0.543739 0.691844 0.704187 0.542412 0.56719 0.456217 0.460338 0.481728 0.473453 0.454469 0.44824 0.555423 0.576298 0.487338 0.552192 0.418307 0.403491 0.508063 0.517562 0.465187 0.51052 0.49602 0.543306 0.466669 0.46643 0.446418 0.472857 0.521809 0.44074 0.545339 0.468056
Average 0.390172 0.664261 0.587091 0.688617 0.414729 0.548264 0.531607 0.531089 0.534819 0.442949 0.441128 0.525873 0.536775 0.657957 0.64974 0.552162 0.536266 0.684687 0.677711 0.580088 0.57006 0.46054 0.454491 0.480713 0.49891 0.464302 0.452085 0.543152 0.535117 0.48809 0.476435 0.424244 0.397067 0.46675 0.547627 0.44088 0.414251 0.480065 0.467511 0.467205 0.433484 0.541401 0.488512 0.45694 0.473098 0.444806 0.375317
Average 0.384288 0.640178 0.601687 0.71739 0.381921 0.479524 0.509741 0.528058 0.527763 0.420734 0.443661 0.535106 0.545035 0.617292 0.647872 0.503815 0.491342 0.67446 0.668793 0.497238 0.506426 0.424817 0.421007 0.481037 0.480908 0.467676 0.440503 0.512066 0.489922 0.455609 0.482789 0.382418 0.38636 0.43828 0.509723 0.424635 0.425411 0.486094 0.499428 0.434979 0.422046 0.437904 0.432002 0.46529 0.458909 0.540109 0.524195
Average 0.390427 0.664408 0.62902 0.71797 0.359162 0.545759 0.57145 0.529906 0.533573 0.456739 0.470524 0.523972 0.531781 0.648025 0.669684 0.495542 0.505225 0.663935 0.76581 0.513511 0.540053 0.455819 0.455134 0.447323 0.516848 0.444412 0.463642 0.483142 0.512016 0.474827 0.472899 0.39022 0.380736 0.450762 0.492955 0.449325 0.495088 0.452338 0.523022 0.437441 0.476438 0.419856 0.423265 0.451418 0.469005 0.532596 0.558304
Average 0.374848 0.625798 0.593559 0.67468 0.380227 0.540722 0.553364 0.544297 0.547562 0.445331 0.434934 0.550882 0.556572 0.61853 0.63276 0.534953 0.520921 0.671641 0.677732 0.507321 0.530071 0.387668 0.385303 0.471189 0.47736 0.444546 0.431665 0.496318 0.500437 0.444254 0.448316 0.374235 0.359959 0.443902 0.466925 0.420521 0.437949 0.500535 0.504799 0.432839 0.419372 0.465887 0.42918 0.425893 0.411741 0.524212 0.477711
Average 0.389969 0.624054 0.598239 0.709555 0.425007 0.619635 0.621765 0.579109 0.569881 0.472261 0.474042 0.553642 0.550406 0.632468 0.64429 0.49555 0.517674 0.666424 0.669175 0.519687 0.555141 0.419844 0.437427 0.488641 0.486198 0.470443 0.473742 0.525576 0.509047 0.459678 0.485647 0.378078 0.379568 0.527517 0.611536 0.423093 0.439526 0.439917 0.473839 0.498864 0.493854 0.456735 0.465607 0.438476 0.432822 0.487959 0.462716
Average 0.384636 0.63549 0.584293 0.696724 0.290376 0.625112 0.598435 0.527727 0.544058 0.434235 0.416757 0.58046 0.57615 0.603692 0.581265 0.5269 0.543723 0.644062 0.687242 0.513567 0.571778 0.406569 0.406585 0.450678 0.51496 0.443409 0.478983 0.511678 0.549133 0.491366 0.531823 0.380729 0.387038 0.470211 0.546742 0.474625 0.423667 0.43409 0.448846 0.427425 0.492192 0.441939 0.50479 0.50434 0.427492 0.531302 0.470429
Average 0.384014 0.65331 0.609792 0.719611 0.387748 0.46406 0.489219 0.553245 0.582403 0.451641 0.460479 0.566051 0.575515 0.615372 0.620098 0.52694 0.494562 0.659147 0.622025 0.550778 0.540562 0.440833 0.420547 0.475627 0.455749 0.474477 0.447925 0.53919 0.520418 0.503278 0.481496 0.407762 0.398869 0.460717 0.484207 0.444702 0.38819 0.516331 0.472753 0.45477 0.435551 0.490146 0.463051 0.510271 0.494651 0.634975 0.574511
Average 0.377749 0.6203 0.589133 0.680249 0.378427 0.493681 0.507674 0.491755 0.503956 0.442273 0.441803 0.508481 0.542158 0.626617 0.631847 0.511939 0.494181 0.661305 0.659038 0.510063 0.532192 0.409972 0.418172 0.467294 0.49347 0.462548 0.449912 0.514823 0.510295 0.487521 0.476197 0.37106 0.362117 0.422037 0.467768 0.415998 0.414133 0.497678 0.485401 0.426608 0.4186 0.44176 0.40984 0.435157 0.433858 0.557872 0.553082
Average 0.329948 0.499547 0.441539 0.472287 0.175194 0.473262 0.477255 0.484102 0.485856 0.359963 0.360887 0.52214 0.535672 0.592822 0.586132 0.519203 0.500609 0.636761 0.616471 0.510871 0.509673 0.38795 0.38423 0.543558 0.556081 0.466011 0.48237 0.439635 0.450476 0.453673 0.436737 0.384828 0.356512 0.40041 0.422794 0.366012 0.335775 0.383856 0.390202 0.409461 0.410085 0.622774 0.517378 0.460525 0.400887 0.432821 0.429867
Average 0.402625 0.651764 0.582449 0.705807 0.368507 0.559876 0.56372 0.561384 0.559788 0.468491 0.469936 0.610756 0.585632 0.698622 0.690213 0.562384 0.556309 0.696868 0.692774 0.551571 0.580155 0.44261 0.448734 0.457456 0.494208 0.455366 0.461479 0.550898 0.548009 0.52069 0.507053 0.391955 0.403545 0.476891 0.528147 0.402707 0.426377 0.53075 0.502082 0.457216 0.48946 0.475045 0.505914 0.439481 0.42285 0.491286 0.439705
Average 0.393552 0.673271 0.622542 0.724583 0.399972 0.52782 0.505869 0.547937 0.547723 0.468175 0.502746 0.54572 0.564959 0.64313 0.656486 0.513436 0.520453 0.673574 0.686689 0.527329 0.592079 0.415939 0.461993 0.493937 0.519759 0.4497 0.446784 0.520401 0.56242 0.497403 0.523635 0.385804 0.415979 0.501675 0.564692 0.368597 0.397013 0.484768 0.532112 0.431787 0.441503 0.483406 0.459134 0.428029 0.444631 0.564305 0.483997
Average 0.394932 0.677686 0.647537 0.708031 0.397207 0.543411 0.598092 0.525611 0.560698 0.41891 0.437947 0.580509 0.574793 0.655606 0.659121 0.535037 0.536815 0.659163 0.661669 0.497678 0.538646 0.454117 0.469695 0.47345 0.477962 0.456761 0.431002 0.529323 0.553941 0.495577 0.497577 0.393667 0.389065 0.47343 0.541877 0.446654 0.434769 0.475939 0.547913 0.477147 0.472962 0.470559 0.439832 0.478739 0.451421 0.494325 0.497756
Average 0.342747 0.541796 0.474696 0.62535 0.230234 0.493256 0.521774 0.562785 0.569084 0.449548 0.442451 0.483526 0.518376 0.565367 0.565269 0.504265 0.489364 0.645557 0.635992 0.511221 0.508562 0.337218 0.334545 0.449275 0.489947 0.386782 0.418042 0.456659 0.472648 0.425765 0.435392 0.34178 0.335899 0.376448 0.389374 0.375125 0.398585 0.399856 0.414861 0.399367 0.405709 0.441481 0.445932 0.392835 0.370111 0.418248 0.445402
Average 0.387108 0.615206 0.564149 0.713867 0.341334 0.678581 0.702094 0.595272 0.575012 0.431816 0.482508 0.59218 0.605718 0.630674 0.63451 0.546772 0.527461 0.680286 0.680604 0.517107 0.555047 0.411327 0.416178 0.443691 0.461074 0.432452 0.430737 0.488615 0.455798 0.481927 0.512142 0.385575 0.388676 0.491243 0.53503 0.410458 0.426891 0.465867 0.486399 0.437131 0.467905 0.440005 0.421629 0.482982 0.425537 0.477025 0.473824
Average 0.384846 0.650817 0.619458 0.695577 0.364943 0.501033 0.524279 0.506918 0.509016 0.372894 0.385242 0.529721 0.539814 0.579248 0.576886 0.47986 0.48017 0.617376 0.622946 0.499062 0.563348 0.439589 0.438959 0.482641 0.471967 0.478728 0.435299 0.528192 0.54936 0.50007 0.536181 0.407636 0.386559 0.461692 0.512029 0.455012 0.47121 0.497331 0.539453 0.47314 0.470223 0.446704 0.438725 0.456976 0.417233 0.482642 0.433824
Average 0.400317 0.656464 0.611825 0.717139 0.443764 0.554661 0.538099 0.559568 0.53838 0.489437 0.464521 0.570689 0.587066 0.669222 0.669747 0.507563 0.501966 0.642707 0.666351 0.54552 0.552698 0.453352 0.453316 0.456261 0.491141 0.454522 0.461626 0.539094 0.542521 0.472592 0.484603 0.39972 0.405997 0.532249 0.599553 0.429361 0.462292 0.51485 0.533262 0.445551 0.46559 0.458173 0.484521 0.436665 0.427141 0.493104 0.505477
Average 0.394716 0.646802 0.612123 0.707523 0.463903 0.522308 0.513287 0.5365 0.529096 0.456584 0.472946 0.570263 0.579028 0.617421 0.643177 0.475887 0.511491 0.604283 0.623143 0.560657 0.56792 0.409092 0.426674 0.43682 0.458113 0.471043 0.462294 0.557371 0.539486 0.497661 0.508484 0.406679 0.403064 0.468905 0.487054 0.48337 0.477556 0.505571 0.506454 0.462597 0.455621 0.439383 0.462041 0.473292 0.47323 0.511266 0.465937
Average 0.395194 0.653465 0.613575 0.701122 0.378549 0.570921 0.615069 0.566293 0.587243 0.431253 0.461874 0.593919 0.576825 0.652709 0.675455 0.520716 0.531745 0.688689 0.71347 0.507605 0.576017 0.410864 0.446933 0.472276 0.520702 0.449898 0.463032 0.523642 0.550213 0.448507 0.481927 0.392716 0.422553 0.475479 0.53622 0.407134 0.440776 0.454368 0.510494 0.465956 0.493664 0.451124 0.495382 0.489356 0.496861 0.503628 0.481553
Average 0.361542 0.593692 0.605657 0.662484 0.324669 0.426544 0.475868 0.501768 0.503803 0.367144 0.387711 0.507094 0.530895 0.580538 0.589901 0.494845 0.478829 0.654042 0.634825 0.456306 0.478894 0.396344 0.368611 0.449877 0.444607 0.441748 0.404287 0.427137 0.426324 0.379577 0.380926 0.357695 0.345787 0.451696 0.484483 0.384082 0.372235 0.440213 0.457274 0.399454 0.39599 0.415737 0.377778 0.472447 0.473258 0.470906 0.439428
Average 0.380838 0.612169 0.57817 0.725991 0.331389 0.566252 0.55264 0.584217 0.582911 0.453274 0.452608 0.551648 0.574632 0.626679 0.633784 0.511634 0.513663 0.684593 0.676385 0.5122 0.539637 0.388041 0.375455 0.4562 0.468469 0.420367 0.43973 0.507773 0.540691 0.475704 0.494665 0.394493 0.384669 0.471845 0.49876 0.430069 0.459435 0.505412 0.536358 0.430182 0.439687 0.422914 0.44349 0.479834 0.437302 0.477517 0.486581
Average 0.392828 0.641448 0.621467 0.70101 0.348981 0.531053 0.546269 0.561924 0.570445 0.457563 0.464745 0.591026 0.608415 0.649091 0.639754 0.541536 0.545634 0.683104 0.68552 0.51155 0.531255 0.43967 0.427696 0.475076 0.486386 0.455206 0.422302 0.535 0.535426 0.491925 0.503383 0.402474 0.388358 0.505057 0.541986 0.412333 0.445582 0.49098 0.523132 0.434478 0.441509 0.464886 0.436393 0.447156 0.382982 0.532255 0.457225
Average 0.354749 0.553157 0.483553 0.657099 0.261088 0.611353 0.600407 0.485281 0.489246 0.406691 0.408995 0.528001 0.532068 0.587799 0.617884 0.478614 0.467602 0.734914 0.692005 0.519135 0.514064 0.366241 0.380135 0.467391 0.480628 0.43699 0.421769 0.509088 0.489119 0.45563 0.473144 0.358767 0.350304 0.41988 0.427098 0.443876 0.422464 0.467417 0.469881 0.411373 0.406128 0.436031 0.428297 0.447112 0.380747 0.568336 0.442493
Average 0.399829 0.666759 0.633211 0.70782 0.391206 0.550312 0.544521 0.577206 0.575956 0.460974 0.452484 0.600387 0.621449 0.670023 0.672344 0.54277 0.547043 0.67221 0.693961 0.487536 0.505546 0.448517 0.46959 0.50315 0.502614 0.49049 0.474626 0.522302 0.533669 0.455471 0.477232 0.385446 0.374073 0.526618 0.530831 0.417827 0.440743 0.479825 0.506782 0.44495 0.441676 0.4933 0.453701 0.423532 0.394175 0.571819 0.523753
Average 0.396352 0.665555 0.626936 0.719924 0.377469 0.579325 0.599522 0.580176 0.579869 0.485462 0.456574 0.554606 0.559731 0.627756 0.638835 0.542379 0.537499 0.670302 0.675417 0.520499 0.569257 0.438176 0.42693 0.453733 0.475653 0.44082 0.44609 0.525151 0.543315 0.477074 0.494114 0.399149 0.388074 0.509556 0.52597 0.478601 0.475222 0.479715 0.527809 0.434315 0.461516 0.476135 0.437547 0.505969 0.419979 0.523804 0.469025
Average 0.381167 0.595564 0.532001 0.678354 0.339709 0.542267 0.550455 0.553424 0.54858 0.485994 0.485833 0.571052 0.588448 0.625039 0.632483 0.499586 0.507403 0.635602 0.65541 0.556525 0.572886 0.426373 0.445346 0.46589 0.489735 0.451707 0.516402 0.564452 0.578517 0.526704 0.491342 0.380819 0.378 0.442348 0.479339 0.454907 0.484988 0.472775 0.491556 0.433321 0.472527 0.459333 0.474943 0.38855 0.423763 0.455136 0.582444
Average 0.379572 0.613196 0.600193 0.691813 0.412879 0.478635 0.49895 0.571248 0.574317 0.4737 0.476969 0.550685 0.542294 0.621041 0.638081 0.50118 0.502741 0.62383 0.641527 0.548941 0.556721 0.395443 0.406405 0.440095 0.457612 0.450959 0.455184 0.539221 0.534104 0.502057 0.476144 0.404658 0.401272 0.49276 0.489728 0.398035 0.431996 0.475095 0.461583 0.458374 0.460011 0.484358 0.449875 0.488578 0.477119 0.470632 0.500356
Average 0.408052 0.67524 0.618416 0.719639 0.353581 0.532073 0.564645 0.61763 0.621342 0.496179 0.514635 0.578625 0.594093 0.635921 0.640373 0.542637 0.549953 0.675925 0.67145 0.548418 0.550265 0.454966 0.460526 0.487478 0.495753 0.473357 0.490985 0.544538 0.545811 0.491837 0.496357 0.421476 0.420306 0.522068 0.544562 0.445159 0.469389 0.48993 0.484276 0.438759 0.459565 0.469045 0.46612 0.506613 0.496419 0.545849 0.501535
Average 0.387019 0.623012 0.560459 0.690419 0.281719 0.565692 0.569789 0.579375 0.587198 0.447619 0.470792 0.556244 0.55343 0.623743 0.666476 0.527735 0.556075 0.664793 0.676894 0.517917 0.559101 0.380497 0.413761 0.474769 0.521355 0.429136 0.476562 0.502479 0.554975 0.439138 0.477582 0.387695 0.391839 0.486185 0.575172 0.387001 0.42573 0.479492 0.535491 0.431085 0.449069 0.462198 0.492731 0.430205 0.441685 0.456726 0.471862
Average 0.359161 0.559905 0.548403 0.669665 0.341769 0.47769 0.52757 0.533156 0.547393 0.440241 0.449921 0.524742 0.531823 0.626518 0.654663 0.462146 0.462843 0.644128 0.658659 0.502246 0.520191 0.380303 0.384451 0.465704 0.453955 0.44225 0.458529 0.509978 0.494886 0.437219 0.43911 0.354937 0.353268 0.459279 0.524017 0.363883 0.412179 0.458384 0.462492 0.449158 0.426097 0.424285 0.440035 0.450539 0.439352 0.416873 0.463911
Average 0.353862 0.574966 0.575878 0.684929 0.34327 0.537351 0.554332 0.554195 0.557669 0.455931 0.478052 0.524405 0.542419 0.586546 0.606484 0.452405 0.44985 0.626216 0.624038 0.477292 0.51844 0.36092 0.35075 0.461991 0.461292 0.435571 0.462155 0.452583 0.473983 0.419672 0.464519 0.338318 0.329308 0.456394 0.503674 0.329273 0.350943 0.437564 0.448287 0.426499 0.43273 0.425476 0.397023 0.358211 0.356596 0.438466 0.526945
Average 0.370835 0.579865 0.582168 0.687012 0.353746 0.500595 0.545673 0.542112 0.538659 0.42139 0.463796 0.582155 0.573939 0.613572 0.627315 0.488349 0.476256 0.626551 0.643198 0.516737 0.527823 0.389546 0.395361 0.443869 0.440685 0.450573 0.436966 0.495143 0.513566 0.466755 0.468754 0.39807 0.363941 0.476118 0.507441 0.379716 0.435727 0.436009 0.465026 0.40225 0.411671 0.452368 0.429572 0.457676 0.404835 0.403038 0.405425
Average 0.416533 0.670114 0.627356 0.727939 0.450083 0.542279 0.536191 0.532748 0.520914 0.497445 0.49652 0.57757 0.599349 0.637493 0.664452 0.563359 0.550261 0.669128 0.675067 0.556124 0.591775 0.484709 0.462231 0.49571 0.504288 0.487087 0.480127 0.55489 0.567028 0.531987 0.536026 0.431984 0.422681 0.571955 0.594263 0.504498 0.471662 0.485236 0.507946 0.506577 0.504435 0.49609 0.483453 0.544738 0.433849 0.636913 0.615413
Average 0.395344 0.66139 0.63987 0.725435 0.357343 0.630096 0.612202 0.572043 0.56547 0.45472 0.467295 0.559938 0.552738 0.633568 0.631005 0.490389 0.515679 0.67588 0.67919 0.515005 0.530386 0.394583 0.402617 0.44337 0.461491 0.439112 0.432583 0.500447 0.531589 0.479283 0.470489 0.404527 0.394242 0.462008 0.500296 0.483396 0.412141 0.46 0.465128 0.431957 0.449501 0.442054 0.441553 0.583261 0.518026 0.491001 0.488222
Average 0.415496 0.699371 0.605622 0.728582 0.455624 0.588412 0.59947 0.559435 0.561666 0.481961 0.498967 0.537863 0.534066 0.642567 0.665665 0.579507 0.554531 0.668068 0.663012 0.57062 0.559312 0.457506 0.462503 0.461212 0.469178 0.464588 0.454989 0.57298 0.56664 0.524191 0.515417 0.41234 0.39977 0.48601 0.513449 0.449167 0.437053 0.493257 0.491873 0.451372 0.466924 0.463369 0.527707 0.43541 0.41971 0.524356 0.49576
Average 0.389161 0.639411 0.639939 0.713123 0.420185 0.500595 0.480928 0.532112 0.512026 0.410242 0.451492 0.535227 0.550114 0.620831 0.618881 0.531794 0.517939 0.658438 0.637867 0.531237 0.554711 0.40519 0.404267 0.480922 0.474904 0.438311 0.440462 0.549932 0.57314 0.516674 0.520524 0.389017 0.376741 0.511157 0.500564 0.428369 0.425977 0.460708 0.497146 0.454223 0.447313 0.482323 0.418427 0.465673 0.445573 0.520211 0.509813
Average 0.42586 0.694711 0.647587 0.747491 0.428907 0.576137 0.62052 0.545279 0.572547 0.490854 0.480806 0.572285 0.598813 0.667898 0.700612 0.553619 0.557036 0.673708 0.695509 0.580357 0.581649 0.481105 0.479719 0.51261 0.550345 0.52337 0.5082 0.58468 0.586051 0.51799 0.518771 0.429663 0.443582 0.516555 0.57726 0.471624 0.449263 0.484968 0.525701 0.51176 0.491609 0.478838 0.486201 0.511427 0.446141 0.534028 0.550115
Average 0.407297 0.642901 0.591127 0.720227 0.484268 0.632407 0.643834 0.555884 0.563541 0.439836 0.483113 0.568354 0.561781 0.664625 0.666977 0.52993 0.537865 0.650857 0.646349 0.538443 0.558825 0.424771 0.450716 0.495932 0.510709 0.458069 0.460788 0.534792 0.561526 0.529385 0.530255 0.416703 0.429384 0.545429 0.548253 0.455802 0.498158 0.515863 0.536577 0.481988 0.478001 0.449025 0.453632 0.491016 0.447577 0.544208 0.462416
Average 0.422122 0.682099 0.639796 0.70045 0.416186 0.572152 0.567979 0.600583 0.577176 0.490411 0.489932 0.584091 0.598673 0.678744 0.69885 0.542598 0.533896 0.674377 0.691053 0.552049 0.588188 0.494653 0.493024 0.488956 0.495135 0.493422 0.511511 0.566589 0.57675 0.487313 0.492328 0.4224 0.435132 0.513822 0.548764 0.5131 0.491783 0.474363 0.515267 0.49264 0.498248 0.469134 0.4648 0.411346 0.439688 0.557707 0.504855
Average 0.419575 0.640474 0.621764 0.729848 0.396458 0.619708 0.638815 0.548974 0.56377 0.482192 0.470913 0.575624 0.595996 0.676261 0.693382 0.562346 0.548971 0.707406 0.700367 0.607618 0.616748 0.450805 0.446034 0.488163 0.516437 0.488976 0.502661 0.558215 0.59173 0.543932 0.546679 0.446766 0.423944 0.519553 0.594916 0.491836 0.499102 0.487513 0.512123 0.480973 0.505944 0.466141 0.506388 0.513741 0.470535 0.518207 0.485125
Average 0.403624 0.665225 0.581527 0.747391 0.3797 0.563654 0.584012 0.565065 0.563918 0.428467 0.458143 0.568524 0.585146 0.65075 0.665989 0.526338 0.536945 0.679164 0.667187 0.568967 0.601383 0.468346 0.473565 0.47614 0.487263 0.450519 0.449151 0.54965 0.560878 0.542191 0.543449 0.422413 0.416453 0.525259 0.573118 0.486904 0.461928 0.500844 0.520978 0.471533 0.456354 0.500209 0.485802 0.445385 0.462733 0.535756 0.508778
Average 0.39627 0.674306 0.641497 0.726501 0.386859 0.535776 0.531068 0.533078 0.541947 0.479231 0.461571 0.561689 0.567873 0.622576 0.618715 0.531163 0.509361 0.674297 0.663143 0.508638 0.559347 0.440461 0.408532 0.49882 0.505934 0.451504 0.47071 0.530068 0.543024 0.458721 0.486838 0.390115 0.388424 0.488371 0.527025 0.441035 0.431855 0.50236 0.533592 0.445843 0.460096 0.466243 0.451741 0.46152 0.425528 0.579499 0.595849
Average 0.401947 0.63285 0.59135 0.746097 0.398172 0.552827 0.572756 0.600533 0.596385 0.524049 0.524173 0.584431 0.590559 0.657543 0.685634 0.523608 0.519517 0.690026 0.660544 0.549286 0.560328 0.446638 0.423937 0.48512 0.492079 0.454993 0.432492 0.535145 0.548172 0.48803 0.514701 0.391316 0.388921 0.469018 0.516877 0.423963 0.507196 0.538605 0.548957 0.472679 0.452168 0.480405 0.435063 0.413704 0.367718 0.470586 0.42331
Average 0.380465 0.608263 0.563048 0.676741 0.35428 0.527201 0.509165 0.515712 0.536045 0.449664 0.442559 0.512269 0.550989 0.640388 0.626322 0.545633 0.524054 0.649088 0.631438 0.528841 0.533667 0.401583 0.384264 0.456335 0.449337 0.478819 0.450029 0.531205 0.489475 0.483786 0.482884 0.406145 0.385802 0.473863 0.518457 0.513087 0.437337 0.504386 0.464306 0.431172 0.417624 0.48267 0.447045 0.501076 0.428119 0.524058 0.440793
Average 0.399583 0.676883 0.626355 0.727166 0.395305 0.50238 0.561957 0.570715 0.580423 0.465116 0.495265 0.605323 0.587262 0.645327 0.634408 0.546411 0.544838 0.630562 0.611272 0.548156 0.523158 0.474201 0.453225 0.488014 0.488782 0.4828 0.466267 0.536615 0.52423 0.502051 0.502919 0.393054 0.383105 0.501822 0.520559 0.424913 0.417426 0.531992 0.513858 0.457989 0.442556 0.498382 0.484836 0.429432 0.423667 0.504621 0.494782
Average 0.349785 0.558357 0.470064 0.629831 0.286538 0.47906 0.525008 0.494999 0.516258 0.433508 0.419361 0.532346 0.50296 0.579019 0.564666 0.480421 0.452416 0.644667 0.644011 0.502189 0.508456 0.37853 0.344565 0.470197 0.462034 0.451803 0.442169 0.500345 0.460152 0.4326 0.453216 0.34062 0.310498 0.393406 0.449068 0.412149 0.419958 0.466835 0.412405 0.406219 0.411286 0.440933 0.448676 0.449197 0.363456 0.46816 0.411619
Average 0.396108 0.658613 0.601166 0.722029 0.2744 0.526314 0.543519 0.530575 0.551178 0.462628 0.477 0.514922 0.530918 0.628317 0.6469 0.537671 0.546266 0.651191 0.642822 0.602264 0.601457 0.46041 0.464976 0.467941 0.477109 0.458624 0.475043 0.567914 0.550871 0.499248 0.50413 0.42225 0.393503 0.507033 0.528514 0.414597 0.414273 0.488708 0.517117 0.472054 0.462091 0.459898 0.454832 0.461465 0.438194 0.518234 0.533731
Average 0.388186 0.624083 0.607369 0.698089 0.38632 0.543591 0.573772 0.533544 0.563003 0.474033 0.474777 0.510656 0.534001 0.631422 0.636479 0.506594 0.488576 0.643858 0.620454 0.528781 0.544404 0.429876 0.43109 0.461738 0.481836 0.473481 0.46189 0.5536 0.537666 0.464803 0.471455 0.391952 0.379985 0.504409 0.502252 0.405096 0.418783 0.460355 0.472325 0.445759 0.443366 0.502842 0.420131 0.496679 0.461887 0.53924 0.496831
Average 0.399576 0.634321 0.587862 0.713796 0.370386 0.6107 0.631515 0.578954 0.584221 0.457851 0.478741 0.602763 0.599279 0.631908 0.667968 0.495695 0.527116 0.647269 0.681042 0.517549 0.583745 0.370498 0.399707 0.441609 0.476748 0.437527 0.463344 0.47636 0.542058 0.479882 0.508433 0.376974 0.411168 0.523035 0.538179 0.471207 0.517293 0.475146 0.536044 0.456962 0.47039 0.449958 0.448038 0.43565 0.408993 0.499271 0.563002
Average 0.423637 0.706047 0.634785 0.751146 0.399552 0.552034 0.54863 0.578352 0.564129 0.493749 0.49745 0.621284 0.602152 0.672463 0.654227 0.560159 0.555229 0.669958 0.652818 0.563732 0.575957 0.490002 0.470558 0.498176 0.501205 0.50951 0.494958 0.596523 0.578998 0.535652 0.535195 0.443661 0.418225 0.559247 0.573685 0.503846 0.479453 0.524678 0.534993 0.483633 0.477269 0.501659 0.50836 0.517954 0.491251 0.528911 0.552661
Average 0.398089 0.661273 0.623374 0.720461 0.382001 0.550103 0.611896 0.545746 0.565298 0.481862 0.492762 0.556236 0.575055 0.641605 0.643502 0.525466 0.534213 0.648124 0.662102 0.517073 0.554541 0.413942 0.439366 0.454648 0.493881 0.45847 0.460945 0.506058 0.51847 0.507628 0.485608 0.403417 0.422934 0.491554 0.530151 0.444018 0.444354 0.489613 0.507384 0.436172 0.44399 0.411494 0.470262 0.456799 0.460194 0.527145 0.538748
